30 10 20 20
30 10 20 20
4
9
62  1 0  0 12 12 12 B--G-- 0  0  0
114 2 0  0 7  7  7  ---G-- 0  0  0
30  3 0  0 3  4  3  ------ 0  -2 0
149 4 0  2 3  0  0  BCDGLW 0  0  1
155 5 0  3 3  0  -3 ------ 0  -1 0
40	6 -1 0 3  2  3 	--DG-- 0  0  0
82  7 -1 0 7  5  5  B-D--W 0  0  0
117 8 1  0 12 8  8  BCDGLW 0  0  0
42  9 1  0 4  4  2  --D--- 0  0  0

30 1 25 25
30 0 25 25
5
5
 1 1 0 0 1 1 1 B----- 0 0 0
91 3 0 0 0 1 2 ---G-- 4 0 0
36 5 0 0 6 4 4 ------ 0 0 2
37 7 0 0 6 5 7 ------ 0 0 1
23 9 0 0 7 8 8 ------ 0 0 0
